==============================
==============================
num_walks-10-walk_length-80-window_size-10-K-5-batch_size-50-lr-0.001
input-input/citeseer-edgelist.txt
input_ppmi-input/citeseer-PPMI-4.mat
input_adj-input/citeseer-undirected.mat
hidden_neurons-128
Leak-0.2
==============================
==============================
index-200
49.45541184479238	54.192189892802446	55.98249452954049	57.84073506891271	58.44362745098039	58.93568147013783	59.06122448979592	59.43338437978561	60.03058103975535	
index-400
49.969366916269564	54.16156202143951	56.10503282275712	57.478305257784584	58.333333333333336	58.59877488514549	58.77551020408164	59.494640122511484	59.54128440366973	
index-600
49.744724302246425	53.878254211332305	56.21006564551423	57.49872383869321	58.83578431372548	58.79019908116386	59.58163265306123	59.80091883614089	60.39755351681957	
index-800
50.507147719537095	54.13093415007656	56.481400437636765	57.97345584481877	58.872549019607845	59.64777947932619	59.54081632653062	60.55130168453293	59.87767584097859	
index-1000
50.56501021102791	54.08499234303216	56.665207877461704	58.371618172537	59.23406862745098	60.35987748851454	60.5204081632653	61.240428790199076	61.651376146789005	
index-1200
49.8638529611981	54.341500765696786	56.306345733041574	58.417559979581426	58.94607843137254	59.74732006125574	59.70408163265306	60.643185298621745	60.58103975535168	
index-1400
49.66643975493533	53.64088820826953	56.332603938730855	57.850944359367034	58.79289215686274	59.594180704441044	59.90816326530612	60.79632465543644	60.336391437308876	
index-1600
49.17290673927842	53.16232771822358	55.78993435448577	57.151607963246555	57.9656862745098	58.56049004594181	58.53061224489795	59.724349157733535	59.174311926605505	
index-1800
49.73791695030633	53.62174578866768	56.09190371991248	57.131189382337936	58.11887254901961	58.71362940275651	59.132653061224495	59.05053598774886	59.32721712538226	
index-2000
49.66643975493533	53.5145482388974	55.47483588621443	57.13118938233792	58.08210784313724	58.66003062787136	58.734693877551024	59.17304747320061	58.62385321100917	
index-2200
49.71068754254595	53.19295558958652	55.39168490153172	56.768759571209806	58.02696078431374	58.7978560490046	58.683673469387756	58.759571209800924	58.25688073394495	
index-2400
49.54390742001362	53.751914241960186	55.969365426695845	57.46809596733027	58.37009803921569	59.35681470137827	59.71428571428571	59.96937212863706	59.327217125382255	
index-2600
49.21034717494895	53.44563552833078	55.518599562363235	56.92700357325167	58.03921568627451	58.63705972434916	58.683673469387756	58.989280245022975	58.13455657492356	
index-2800
49.53369639210347	53.51071975497704	55.77242888402626	57.15671260847372	58.241421568627445	58.552833078101074	59.265306122448976	59.3874425727412	59.38837920489296	
index-3000
48.94486044928523	53.070444104134765	55.776805251641136	57.05972434915774	58.290441176470594	58.277182235834616	58.969387755102034	59.20367534456354	58.99082568807339	
index-3200
49.17631041524847	52.57656967840735	55.58862144420131	56.962736089841755	57.98406862745098	57.93261868300152	58.88775510204082	58.69831546707504	58.34862385321101	
index-3400
49.12185159972771	52.8292496171516	54.85339168490153	56.23787646758551	57.469362745098046	58.09341500765696	58.45918367346938	58.79019908116386	58.71559633027523	
index-3600
48.85636487406399	52.848392036753445	55.08096280087527	56.13067891781522	56.991421568627445	57.281776416539046	58.24489795918366	58.28483920367533	58.899082568807344	
index-3800
48.345813478556835	52.69525267993875	54.75273522975931	56.10515569167943	56.77696078431372	57.28943338437979	57.10204081632653	58.33078101071976	58.01223241590213	
index-4000
48.417290673927845	52.78330781010719	54.71772428884026	56.156202143951	56.85049019607844	57.947932618683	58.000000000000014	57.56508422664625	57.49235474006116	
index-4200
48.78488767869299	53.281010719754974	54.43326039387309	56.0745278203165	56.59313725490197	57.029096477794795	56.91836734693877	57.24349157733538	58.318042813455655	
index-4400
==============================
==============================
num_walks-10-walk_length-80-window_size-10-K-5-batch_size-50-lr-0.001
input-input/citeseer-edgelist.txt
input_ppmi-input/citeseer-PPMI-4.mat
input_adj-input/citeseer-undirected.mat
hidden_neurons-128
Leak-0.2
==============================
==============================
index-200
49.41116405718175	55.107197549770284	57.70240700218818	59.43338437978561	60.25122549019608	60.56661562021441	60.336734693877546	60.91883614088822	61.34556574923547	
index-400
49.823008849557525	54.908116385911185	58.223194748358864	59.63246554364472	60.60049019607843	61.21745788667688	61.183673469387756	62.43491577335375	62.26299694189604	
index-600
49.88427501701838	55.26416539050537	58.389496717724285	60.0816743236345	60.7843137254902	61.84532924961716	61.87755102040817	62.756508422664616	62.53822629969419	
index-800
50.19400953029271	55.348392036753445	58.40262582056893	59.795814190913724	61.041666666666664	61.60796324655437	61.59183673469387	62.51148545176111	61.590214067278296	
index-1000
49.78897208985704	54.973200612557434	57.85995623632385	59.67330270546197	60.44117647058823	61.37059724349159	61.316326530612244	61.8989280245023	61.71253822629969	
index-1200
50.56160653505786	55.06891271056661	58.18818380743983	59.31087289433384	60.104166666666664	60.918836140888196	61.37755102040817	61.28637059724349	61.49847094801224	
index-1400
50.5922396187883	55.872894333843796	58.11378555798687	59.74987238386932	60.64950980392156	61.53139356814701	61.744897959183675	62.480857580398165	62.14067278287463	
index-1600
50.3641933287951	55.37136294027565	57.91684901531728	59.678407350689135	60.367647058823536	60.98774885145482	61.357142857142854	62.11332312404287	62.17125382262998	
index-1800
50.8645336963921	55.478560490045936	57.95185995623633	59.72434915773355	61.02941176470588	61.699846860643184	61.77551020408163	62.52679938744258	62.507645259938826	
index-2000
50.085091899251196	54.50229709035223	57.62800875273523	59.13221031138336	60.465686274509814	60.94180704441042	61.44897959183673	61.66921898928025	61.100917431192656	
index-2200
50.00000000000001	54.63629402756508	57.42669584245077	58.88208269525268	60.398284313725505	61.01837672281776	61.163265306122454	61.684532924961715	61.98776758409785	
index-2400
49.76174268209667	54.39127105666157	57.01531728665209	58.58601327207758	60.2328431372549	60.742725880551305	61.0204081632653	61.36294027565084	62.26299694189604	
index-2600
50.30292716133424	54.17687595712098	56.905908096280086	58.60132720775906	60.14705882352941	60.39050535987749	60.90816326530612	61.14854517611026	62.324159021406714	
index-2800
49.77195371000681	54.08882082695252	56.82713347921225	58.56559469116896	60.00612745098039	60.74272588055131	60.71428571428571	61.04134762633997	61.71253822629969	
index-3000
49.78897208985704	54.575038284839195	56.665207877461704	58.57580398162328	59.54044117647059	60.000000000000014	60.41836734693877	61.026033690658494	61.28440366972477	
index-3200
50.14635806671204	54.09647779479326	56.415754923413566	58.1368044920878	58.9031862745098	59.86217457886677	60.04081632653062	60.658499234303214	60.36697247706422	
index-3400
49.91831177671885	54.0199081163859	55.89059080962801	57.534456355283304	58.872549019607845	59.23430321592649	59.24489795918366	59.61715160796325	60.0611620795107	
index-3600
50.10551395507147	53.92802450229709	56.00437636761488	56.94742215416029	58.39460784313726	58.568147013782536	58.867346938775505	58.88208269525268	59.296636085626915	
index-3800
50.39142273655548	54.52143950995405	56.17943107221006	57.417049515058714	58.4436274509804	59.23430321592649	59.07142857142858	60.030627871362945	60.36697247706421	
index-4000
49.35670524166099	54.004594180704444	55.24726477024069	56.636038795303726	57.72058823529412	58.445635528330776	58.36734693877552	58.94333843797856	58.68501529051987	
index-4200
49.65282505105514	53.6906584992343	55.85120350109408	56.78407350689126	57.6593137254902	57.909647779479336	57.755102040816325	58.46860643185299	58.25688073394497	
index-4400
49.03675970047651	53.9050535987749	55.649890590809626	57.67738642164369	57.916666666666664	58.660030627871365	58.71428571428571	59.14241960183767	59.02140672782874	
index-4600
49.31926480599047	53.732771822358345	55.86433260393873	56.855538540071464	57.09558823529412	58.00918836140888	57.77551020408163	58.34609494640124	58.86850152905199	
index-4800
49.24098025867938	53.56431852986217	55.35229759299781	57.06482899438489	57.82475490196079	58.5145482388974	58.58163265306122	59.24961715160797	59.02140672782874	
index-5000
49.22736555479918	53.6447166921899	55.32603938730854	56.84532924961716	57.36519607843137	58.499234303215914	58.622448979591844	59.372128637059724	58.37920489296634	
index-5200
48.85636487406398	53.02833078101072	55.34354485776805	56.3910158244002	57.80024509803921	58.04747320061256	59.14285714285713	58.71362940275651	59.69418960244648	
index-5400
49.39754935330157	53.38437978560489	55.66301969365427	56.79428279734558	57.41421568627452	57.687595712098016	58.79591836734694	59.46401225114854	59.02140672782874	
index-5600
48.876786929884275	53.606431852986205	55.094091903719914	56.17151607963247	56.94240196078431	57.7947932618683	57.61224489795918	57.56508422664625	58.62385321100917	
index-5800
49.53029271613342	53.41883614088821	55.01969365426696	56.60541092394078	56.709558823529406	57.45788667687596	57.530612244897966	57.2894333843798	58.92966360856269	
index-6000
49.17631041524847	53.12021439509954	54.52516411378556	55.75293517100562	56.29289215686274	56.53905053598775	56.5408163265306	56.079632465543646	56.88073394495412	
index-6200
49.509870660313126	53.445635528330776	54.7308533916849	56.39612046962736	56.88725490196079	56.65390505359877	56.46938775510205	56.692189892802446	55.87155963302753	
index-6400
49.48264125255275	53.315467075038285	55.02407002188183	55.75293517100562	56.42156862745098	56.8989280245023	56.867346938775505	56.768759571209806	56.60550458715596	
index-6600
49.90129339686862	53.73660030627872	54.9671772428884	56.283818274629915	56.78921568627451	56.830015313935675	57.836734693877546	57.12098009188361	57.40061162079511	
index-6800
49.62559564329476	53.7021439509954	55.12472647702407	55.9673302705462	56.94852941176472	57.83307810107196	57.73469387755101	57.36600306278714	58.13455657492356	
index-7000
49.47923757658271	53.81316998468607	55.24288840262583	56.04389994895355	56.7953431372549	57.11332312404287	57.5	57.73353751914243	57.76758409785932	
index-7200
49.86044928522805	53.34609494640123	54.63894967177244	55.64063297600818	56.55637254901961	56.99846860643186	57.051020408163275	57.12098009188361	57.70642201834863	
index-7400
49.82300884955752	53.694486983154675	54.87089715536105	56.3450740173558	56.69117647058823	56.76110260336907	57.92857142857142	57.59571209800919	58.37920489296636	
index-7600
49.394145677331515	53.5145482388974	54.7308533916849	56.06431852986218	56.29901960784315	56.990811638591104	57.265306122448976	57.22817764165391	57.064220183486235	
index-7800
49.37712729748128	53.889739663093415	54.652078774617074	56.100051046452265	56.62990196078431	57.19754977029097	57.51020408163265	57.45788667687596	57.88990825688073	
index-8000
49.41456773315181	53.69065849923429	54.76148796498906	56.401225114854526	56.62990196078431	57.11332312404288	57.346938775510196	57.32006125574272	57.88990825688073	
index-8200
49.24778761061947	53.29249617151608	54.86652078774616	55.53854007146502	56.60539215686275	56.699846860643184	57.87755102040817	57.534456355283304	57.920489296636084	
index-8400
49.38053097345133	52.6416539050536	54.68271334792123	55.620214395099524	56.46446078431372	57.09035222052067	57.35714285714285	57.51914241960185	58.47094801223242	
index-8600
50.142954390742005	53.06278713629403	55.04595185995625	55.768249106687094	56.55024509803921	56.868300153139366	57.255102040816325	57.764165390505354	58.47094801223242	
index-8800
49.18992511912866	53.09341500765697	54.643326039387304	55.849923430321596	56.70955882352941	57.22817764165391	57.5	58.08575803981624	57.58409785932721	
index-9000
